grad =

   1.3878e-16   9.7145e-17  -5.5511e-17

grad =

   1.3878e-16
   9.7145e-17
  -5.5511e-17

grad =

   1.1102e-16   4.1633e-17  -8.3267e-17

grad =

   1.1102e-16
   4.1633e-17
  -8.3267e-17

grad =

  -1.3878e-17  -6.9389e-17  -2.7756e-17

grad =

  -1.3878e-17
  -6.9389e-17
  -2.7756e-17

grad =

   1.1102e-16  -1.3878e-17  -1.1102e-16

grad =

   1.1102e-16
  -1.3878e-17
  -1.1102e-16

grad =

  -1.3878e-17  -6.9389e-17  -2.7756e-17

grad =

  -1.3878e-17
  -6.9389e-17
  -2.7756e-17

grad =

  -1.3878e-17  -6.9389e-17  -2.7756e-17

grad =

  -1.3878e-17
  -6.9389e-17
  -2.7756e-17

grad =

  -1.3878e-17  -6.9389e-17  -2.7756e-17

grad =

  -1.3878e-17
  -6.9389e-17
  -2.7756e-17

grad =

  -1.3878e-17  -6.9389e-17  -2.7756e-17

grad =

  -1.3878e-17
  -6.9389e-17
  -2.7756e-17

grad =

  -1.3878e-17  -6.9389e-17  -2.7756e-17

grad =

  -1.3878e-17
  -6.9389e-17
  -2.7756e-17

grad =

  -1.3878e-17  -6.9389e-17  -2.7756e-17

grad =

  -1.3878e-17
  -6.9389e-17
  -2.7756e-17

grad =

  -1.3878e-17  -6.9389e-17  -2.7756e-17

grad =

  -1.3878e-17
  -6.9389e-17
  -2.7756e-17

grad =

  -1.3878e-17  -6.9389e-17  -2.7756e-17

grad =

  -1.3878e-17
  -6.9389e-17
  -2.7756e-17

grad =

  -1.3878e-17  -6.9389e-17  -2.7756e-17

grad =

  -1.3878e-17
  -6.9389e-17
  -2.7756e-17

grad =

  -1.3878e-17  -6.9389e-17  -2.7756e-17

grad =

  -1.3878e-17
  -6.9389e-17
  -2.7756e-17

grad =

  -1.3878e-17  -6.9389e-17  -2.7756e-17

grad =

  -1.3878e-17
  -6.9389e-17
  -2.7756e-17

grad =

  -1.3878e-17  -6.9389e-17  -2.7756e-17

grad =

  -1.3878e-17
  -6.9389e-17
  -2.7756e-17

grad =

  -1.3878e-17  -6.9389e-17  -2.7756e-17

grad =

  -1.3878e-17
  -6.9389e-17
  -2.7756e-17

grad =

  -1.3878e-17  -6.9389e-17  -2.7756e-17

grad =

  -1.3878e-17
  -6.9389e-17
  -2.7756e-17

grad =

  -1.3878e-17  -6.9389e-17  -2.7756e-17

grad =

  -1.3878e-17
  -6.9389e-17
  -2.7756e-17

grad =

  -1.3878e-17  -6.9389e-17  -2.7756e-17

grad =

  -1.3878e-17
  -6.9389e-17
  -2.7756e-17

grad =

  -1.3878e-17  -6.9389e-17  -2.7756e-17

grad =

  -1.3878e-17
  -6.9389e-17
  -2.7756e-17

